* Measurement data measured by REW V5.40 beta 118
* Source: C:\Users\31855\Downloads\JM-1 DF (Tilt_ -0.9dB_Oct, B_ 1.5dB, T_ 2dB, 3kHz_ -1dB) Target.txt
* Format: Comma/Tab/Space delimited data
* Dated: 2026 Jun 24 17:29:30
* REW Settings:
*  C-weighting compensation: Off
*  Target level: 75.0 dB
* Note: Measurement imported from C:\Users\31855\Downloads\JM-1 DF (Tilt_ -0.9dB_Oct, B_ 1.5dB, T_ 2dB, 3kHz_ -1dB) Target.txt Format: Comma/Tab/Space delimited data 480 values loaded, 20 Hz to 20,186 Hz log spaced
* Measurement: JM-1 DF (Tilt_ -0.9dB_Oct, B_ 1.5dB, T_ 2dB, 3kHz_ -1d
* Smoothing: 1/48 octave
* Frequency Step: 96 ppo
* Start Frequency: 20.0 Hz
*
* Freq(Hz) SPL(dB)
20.000000 -2.393
20.144928 -2.401
20.290907 -2.410
20.437943 -2.419
20.586045 -2.429
20.735220 -2.438
20.885476 -2.448
21.036820 -2.457
21.189262 -2.467
21.342808 -2.476
21.497467 -2.486
21.653246 -2.495
21.810155 -2.505
21.968200 -2.514
22.127391 -2.524
22.287735 -2.533
22.449241 -2.542
22.611917 -2.552
22.775773 -2.561
22.940815 -2.571
23.107054 -2.580
23.274497 -2.590
23.443154 -2.599
23.613033 -2.609
23.784142 -2.618
23.956492 -2.628
24.130091 -2.637
24.304947 -2.647
24.481071 -2.656
24.658471 -2.666
24.837156 -2.675
25.017137 -2.685
25.198421 -2.694
25.381019 -2.704
25.564940 -2.713
25.750195 -2.723
25.936791 -2.732
26.124740 -2.742
26.314050 -2.751
26.504733 -2.761
26.696797 -2.771
26.890253 -2.780
27.085111 -2.790
27.281381 -2.799
27.479073 -2.809
27.678198 -2.818
27.878765 -2.828
28.080786 -2.838
28.284271 -2.847
28.489231 -2.857
28.695675 -2.866
28.903616 -2.876
29.113064 -2.886
29.324029 -2.895
29.536523 -2.905
29.750557 -2.914
29.966142 -2.924
30.183289 -2.934
30.402009 -2.943
30.622315 -2.953
30.844217 -2.963
31.067726 -2.972
31.292856 -2.982
31.519617 -2.992
31.748021 -3.001
31.978080 -3.011
32.209807 -3.021
32.443212 -3.031
32.678309 -3.040
32.915110 -3.050
33.153626 -3.060
33.393871 -3.070
33.635857 -3.079
33.879596 -3.089
34.125101 -3.099
34.372386 -3.109
34.621462 -3.119
34.872344 -3.129
35.125043 -3.139
35.379574 -3.148
35.635949 -3.158
35.894182 -3.168
36.154286 -3.178
36.416274 -3.188
36.680162 -3.198
36.945961 -3.208
37.213687 -3.218
37.483353 -3.228
37.754973 -3.238
38.028561 -3.248
38.304131 -3.258
38.581699 -3.268
38.861278 -3.279
39.142882 -3.289
39.426528 -3.299
39.712229 -3.309
40.000000 -3.319
40.289856 -3.330
40.581813 -3.340
40.875886 -3.350
41.172089 -3.360
41.470439 -3.371
41.770951 -3.381
42.073641 -3.392
42.378524 -3.402
42.685616 -3.412
42.994934 -3.423
43.306493 -3.433
43.620309 -3.444
43.936400 -3.455
44.254781 -3.465
44.575470 -3.476
44.898482 -3.487
45.223835 -3.497
45.551545 -3.508
45.881631 -3.519
46.214108 -3.530
46.548994 -3.541
46.886308 -3.552
47.226065 -3.563
47.568285 -3.574
47.912984 -3.585
48.260181 -3.596
48.609894 -3.607
48.962142 -3.618
49.316942 -3.629
49.674312 -3.641
50.034273 -3.652
50.396842 -3.664
50.762038 -3.675
51.129881 -3.687
51.500389 -3.698
51.873582 -3.710
52.249480 -3.722
52.628101 -3.733
53.009466 -3.745
53.393594 -3.757
53.780506 -3.769
54.170222 -3.781
54.562762 -3.793
54.958146 -3.806
55.356395 -3.818
55.757531 -3.830
56.161573 -3.843
56.568542 -3.855
56.978461 -3.868
57.391351 -3.880
57.807232 -3.893
58.226127 -3.906
58.648058 -3.919
59.073046 -3.932
59.501113 -3.945
59.932283 -3.958
60.366577 -3.972
60.804018 -3.985
61.244629 -3.999
61.688433 -4.012
62.135453 -4.026
62.585712 -4.040
63.039234 -4.054
63.496042 -4.068
63.956161 -4.082
64.419613 -4.096
64.886424 -4.110
65.356618 -4.125
65.830219 -4.139
66.307252 -4.154
66.787742 -4.169
67.271713 -4.183
67.759192 -4.198
68.250203 -4.214
68.744772 -4.229
69.242925 -4.244
69.744688 -4.260
70.250086 -4.275
70.759147 -4.291
71.271897 -4.307
71.788363 -4.323
72.308571 -4.339
72.832549 -4.355
73.360323 -4.371
73.891923 -4.387
74.427374 -4.404
74.966705 -4.421
75.509945 -4.437
76.057121 -4.454
76.608262 -4.471
77.163398 -4.488
77.722555 -4.505
78.285765 -4.523
78.853056 -4.540
79.424458 -4.557
80.000000 -4.575
80.579713 -4.593
81.163627 -4.610
81.751772 -4.628
82.344179 -4.646
82.940879 -4.664
83.541903 -4.682
84.147282 -4.700
84.757048 -4.718
85.371232 -4.737
85.989867 -4.755
86.612985 -4.773
87.240619 -4.792
87.872800 -4.810
88.509563 -4.828
89.150939 -4.847
89.796964 -4.865
90.447670 -4.884
91.103091 -4.902
91.763261 -4.921
92.428216 -4.939
93.097989 -4.958
93.772615 -4.976
94.452130 -4.994
95.136569 -5.013
95.825968 -5.031
96.520362 -5.049
97.219789 -5.067
97.924283 -5.085
98.633883 -5.103
99.348625 -5.121
100.068546 -5.139
100.793684 -5.156
101.524077 -5.174
102.259762 -5.191
103.000778 -5.208
103.747164 -5.226
104.498959 -5.243
105.256202 -5.260
106.018931 -5.276
106.787188 -5.293
107.561012 -5.309
108.340444 -5.326
109.125523 -5.342
109.916292 -5.358
110.712791 -5.374
111.515061 -5.390
112.323145 -5.405
113.137085 -5.421
113.956923 -5.436
114.782702 -5.452
115.614465 -5.467
116.452255 -5.482
117.296116 -5.496
118.146092 -5.511
119.002227 -5.526
119.864566 -5.540
120.733154 -5.554
121.608036 -5.568
122.489258 -5.583
123.376866 -5.596
124.270906 -5.610
125.171424 -5.624
126.078468 -5.637
126.992084 -5.651
127.912321 -5.664
128.839227 -5.677
129.772849 -5.690
130.713236 -5.703
131.660438 -5.716
132.614504 -5.729
133.575483 -5.742
134.543426 -5.754
135.518384 -5.766
136.500406 -5.779
137.489544 -5.791
138.485850 -5.803
139.489375 -5.815
140.500173 -5.826
141.518295 -5.838
142.543795 -5.850
143.576726 -5.861
144.617142 -5.872
145.665098 -5.883
146.720647 -5.894
147.783845 -5.905
148.854748 -5.916
149.933411 -5.926
151.019890 -5.937
152.114242 -5.947
153.216525 -5.957
154.326795 -5.967
155.445111 -5.977
156.571530 -5.987
157.706112 -5.997
158.848915 -6.006
160.000000 -6.015
161.159426 -6.024
162.327254 -6.033
163.503544 -6.042
164.688358 -6.051
165.881758 -6.060
167.083805 -6.068
168.294563 -6.076
169.514095 -6.085
170.742464 -6.093
171.979734 -6.101
173.225970 -6.108
174.481237 -6.116
175.745600 -6.124
177.019125 -6.131
178.301879 -6.138
179.593928 -6.145
180.895339 -6.152
182.206182 -6.159
183.526523 -6.166
184.856431 -6.172
186.195977 -6.179
187.545230 -6.185
188.904260 -6.192
190.273138 -6.198
191.651936 -6.204
193.040725 -6.210
194.439578 -6.215
195.848567 -6.221
197.267766 -6.227
198.697250 -6.232
200.137092 -6.238
201.587368 -6.243
203.048153 -6.248
204.519524 -6.253
206.001557 -6.258
207.494329 -6.263
208.997918 -6.267
210.512403 -6.272
212.037863 -6.277
213.574377 -6.281
215.122025 -6.285
216.680888 -6.289
218.251047 -6.293
219.832584 -6.297
221.425581 -6.301
223.030122 -6.305
224.646290 -6.309
226.274170 -6.312
227.913846 -6.315
229.565404 -6.319
231.228929 -6.322
232.904509 -6.325
234.592231 -6.328
236.292183 -6.330
238.004454 -6.333
239.729132 -6.336
241.466308 -6.338
243.216073 -6.340
244.978517 -6.343
246.753732 -6.345
248.541811 -6.347
250.342848 -6.348
252.156935 -6.350
253.984168 -6.352
255.824642 -6.353
257.678453 -6.354
259.545697 -6.356
261.426473 -6.357
263.320877 -6.358
265.229008 -6.358
267.150967 -6.359
269.086853 -6.360
271.036767 -6.360
273.000811 -6.361
274.979088 -6.361
276.971700 -6.361
278.978751 -6.361
281.000346 -6.361
283.036590 -6.361
285.087590 -6.361
287.153452 -6.361
289.234284 -6.360
291.330195 -6.360
293.441294 -6.359
295.567690 -6.358
297.709496 -6.357
299.866821 -6.357
302.039780 -6.356
304.228485 -6.355
306.433050 -6.353
308.653590 -6.352
310.890221 -6.351
313.143060 -6.349
315.412224 -6.348
317.697831 -6.346
320.000000 -6.344
322.318852 -6.343
324.654507 -6.341
327.007088 -6.339
329.376716 -6.337
331.763515 -6.334
334.167610 -6.332
336.589127 -6.330
339.028190 -6.327
341.484928 -6.324
343.959469 -6.322
346.451941 -6.319
348.962474 -6.316
351.491200 -6.312
354.038251 -6.309
356.603758 -6.305
359.187855 -6.302
361.790679 -6.298
364.412363 -6.294
367.053045 -6.290
369.712863 -6.285
372.391955 -6.281
375.090460 -6.276
377.808521 -6.271
380.546277 -6.266
383.303872 -6.260
386.081450 -6.254
388.879155 -6.249
391.697134 -6.242
394.535533 -6.236
397.394500 -6.230
400.274184 -6.223
403.174736 -6.216
406.096306 -6.208
409.039048 -6.201
412.003113 -6.193
414.988657 -6.185
417.995836 -6.177
421.024807 -6.168
424.075726 -6.159
427.148753 -6.150
430.244049 -6.140
433.361775 -6.131
436.502093 -6.121
439.665167 -6.111
442.851162 -6.100
446.060244 -6.089
449.292581 -6.078
452.548340 -6.067
455.827692 -6.056
459.130807 -6.044
462.457858 -6.032
465.809019 -6.019
469.184463 -6.007
472.584367 -5.994
476.008908 -5.981
479.458265 -5.967
482.932617 -5.954
486.432146 -5.940
489.957033 -5.926
493.507464 -5.911
497.083623 -5.897
500.685695 -5.882
504.313870 -5.867
507.968337 -5.851
511.649285 -5.836
515.356906 -5.820
519.091395 -5.804
522.852945 -5.788
526.641753 -5.772
530.458016 -5.756
534.301934 -5.739
538.173706 -5.722
542.073534 -5.706
546.001623 -5.689
549.958175 -5.672
553.943399 -5.655
557.957501 -5.638
562.000691 -5.621
566.073180 -5.604
570.175180 -5.587
574.306904 -5.570
578.468569 -5.553
582.660390 -5.536
586.882588 -5.519
591.135381 -5.502
595.418991 -5.485
599.733643 -5.468
604.079560 -5.451
608.456970 -5.435
612.866100 -5.418
617.307180 -5.402
621.780442 -5.386
626.286120 -5.370
630.824447 -5.354
635.395661 -5.339
640.000000 -5.323
644.637704 -5.308
649.309014 -5.293
654.014175 -5.278
658.753431 -5.263
663.527030 -5.249
668.335221 -5.235
673.178253 -5.221
678.056380 -5.207
682.969856 -5.193
687.918938 -5.180
692.903882 -5.167
697.924949 -5.154
702.982401 -5.142
708.076501 -5.129
713.207515 -5.117
718.375711 -5.106
723.581357 -5.094
728.824726 -5.083
734.106091 -5.073
739.425726 -5.062
744.783910 -5.052
750.180921 -5.042
755.617041 -5.033
761.092554 -5.024
766.607744 -5.015
772.162900 -5.007
777.758310 -4.999
783.394268 -4.992
789.071066 -4.984
794.789000 -4.978
800.548368 -4.971
806.349472 -4.965
812.192613 -4.959
818.078095 -4.953
824.006226 -4.948
829.977315 -4.943
835.991673 -4.938
842.049613 -4.933
848.151452 -4.928
854.297507 -4.923
860.488099 -4.918
866.723550 -4.912
873.004186 -4.907
879.330334 -4.901
885.702324 -4.895
892.120489 -4.889
898.585161 -4.882
905.096680 -4.874
911.655384 -4.866
918.261614 -4.858
924.915716 -4.848
931.618037 -4.838
938.368925 -4.826
945.168733 -4.814
952.017816 -4.801
958.916529 -4.786
965.865234 -4.771
972.864291 -4.754
979.914067 -4.736
987.014928 -4.717
994.167245 -4.696
1001.371391 -4.674
1008.627741 -4.651
1015.936673 -4.626
1023.298569 -4.600
1030.713812 -4.573
1038.182790 -4.544
1045.705890 -4.514
1053.283506 -4.483
1060.916032 -4.451
1068.603867 -4.417
1076.347412 -4.383
1084.147069 -4.347
1092.003245 -4.310
1099.916351 -4.272
1107.886798 -4.234
1115.915003 -4.194
1124.001383 -4.154
1132.146360 -4.113
1140.350359 -4.072
1148.613808 -4.030
1156.937137 -3.987
1165.320781 -3.944
1173.765175 -3.900
1182.270762 -3.856
1190.837983 -3.812
1199.467286 -3.767
1208.159120 -3.723
1216.913939 -3.678
1225.732199 -3.633
1234.614360 -3.588
1243.560885 -3.543
1252.572239 -3.497
1261.648894 -3.452
1270.791322 -3.407
1280.000000 -3.361
1289.275408 -3.316
1298.618029 -3.271
1308.028350 -3.225
1317.506863 -3.180
1327.054061 -3.134
1336.670442 -3.088
1346.356507 -3.042
1356.112761 -2.996
1365.939713 -2.950
1375.837875 -2.903
1385.807763 -2.856
1395.849898 -2.809
1405.964802 -2.762
1416.153002 -2.714
1426.415031 -2.666
1436.751422 -2.617
1447.162715 -2.568
1457.649452 -2.518
1468.212181 -2.468
1478.851452 -2.417
1489.567819 -2.366
1500.361842 -2.314
1511.234082 -2.262
1522.185107 -2.208
1533.215488 -2.155
1544.325799 -2.100
1555.516621 -2.045
1566.788535 -1.989
1578.142131 -1.933
1589.577999 -1.876
1601.096737 -1.818
1612.698944 -1.759
1624.385225 -1.699
1636.156190 -1.639
1648.012452 -1.577
1659.954630 -1.515
1671.983345 -1.452
1684.099226 -1.388
1696.302903 -1.322
1708.595013 -1.256
1720.976197 -1.189
1733.447100 -1.121
1746.008372 -1.052
1758.660669 -0.981
1771.404649 -0.909
1784.240977 -0.836
1797.170323 -0.762
1810.193360 -0.686
1823.310767 -0.609
1836.523229 -0.530
1849.831433 -0.449
1863.236074 -0.367
1876.737851 -0.282
1890.337467 -0.196
1904.035631 -0.107
1917.833058 -0.016
1931.730467 0.077
1945.728583 0.172
1959.828134 0.271
1974.029857 0.371
1988.334491 0.475
2002.742782 0.581
2017.255482 0.689
2031.873347 0.800
2046.597138 0.913
2061.427625 1.029
2076.365579 1.147
2091.411780 1.266
2106.567012 1.387
2121.832065 1.510
2137.207735 1.634
2152.694823 1.758
2168.294137 1.884
2184.006490 2.009
2199.832702 2.135
2215.773596 2.261
2231.830005 2.387
2248.002765 2.513
2264.292720 2.637
2280.700718 2.761
2297.227616 2.884
2313.874274 3.006
2330.641561 3.126
2347.530351 3.244
2364.541523 3.361
2381.675966 3.475
2398.934572 3.587
2416.318240 3.697
2433.827878 3.804
2451.464399 3.908
2469.228720 4.009
2487.121769 4.107
2505.144479 4.202
2523.297789 4.294
2541.582644 4.382
2560.000000 4.467
2578.550815 4.549
2597.236057 4.628
2616.056701 4.704
2635.013726 4.776
2654.108121 4.845
2673.340883 4.912
2692.713013 4.975
2712.225522 5.035
2731.879426 5.093
2751.675750 5.147
2771.615527 5.198
2791.699796 5.247
2811.929603 5.292
2832.306004 5.334
2852.830061 5.373
2873.502844 5.409
2894.325430 5.442
2915.298905 5.470
2936.424363 5.496
2957.702904 5.517
2979.135638 5.534
3000.723683 5.547
3022.468164 5.556
3044.370214 5.560
3066.430976 5.558
3088.651599 5.552
3111.033242 5.541
3133.577071 5.524
3156.284262 5.501
3179.155999 5.474
3202.193474 5.440
3225.397888 5.402
3248.770450 5.359
3272.312380 5.311
3296.024905 5.258
3319.909260 5.201
3343.966691 5.141
3368.198452 5.077
3392.605806 5.009
3417.190027 4.939
3441.952394 4.866
3466.894200 4.790
3492.016745 4.712
3517.321337 4.631
3542.809298 4.549
3568.481954 4.465
3594.340646 4.380
3620.386720 4.292
3646.621534 4.204
3673.046457 4.115
3699.662866 4.025
3726.472148 3.934
3753.475701 3.842
3780.674934 3.750
3808.071263 3.658
3835.666117 3.566
3863.460935 3.475
3891.457165 3.384
3919.656268 3.294
3948.059713 3.205
3976.668981 3.118
4005.485564 3.032
4034.510963 2.947
4063.746693 2.864
4093.194277 2.782
4122.855250 2.702
4152.731158 2.623
4182.823560 2.546
4213.134024 2.470
4243.664130 2.394
4274.415470 2.320
4305.389646 2.247
4336.588274 2.175
4368.012981 2.103
4399.665403 2.032
4431.547192 1.962
4463.660010 1.893
4496.005531 1.824
4528.585440 1.756
4561.401437 1.689
4594.455232 1.623
4627.748549 1.557
4661.283122 1.493
4695.060701 1.429
4729.083046 1.366
4763.351932 1.305
4797.869143 1.244
4832.636481 1.185
4867.655757 1.127
4902.928797 1.070
4938.457440 1.015
4974.243539 0.961
5010.288958 0.908
5046.595577 0.857
5083.165289 0.807
5120.000000 0.759
5157.101631 0.712
5194.472115 0.667
5232.113401 0.623
5270.027452 0.581
5308.216243 0.540
5346.681766 0.500
5385.426026 0.461
5424.451043 0.424
5463.758851 0.387
5503.351500 0.352
5543.231054 0.319
5583.399591 0.286
5623.859206 0.255
5664.612008 0.225
5705.660122 0.196
5747.005687 0.168
5788.650860 0.142
5830.597810 0.117
5872.848725 0.094
5915.405808 0.072
5958.271277 0.052
6001.447367 0.035
6044.936328 0.020
6088.740429 0.007
6132.861952 -0.002
6177.303198 -0.008
6222.066483 -0.011
6267.154142 -0.009
6312.568524 -0.004
6358.311998 0.005
6404.386948 0.018
6450.795775 0.034
6497.540901 0.054
6544.624761 0.076
6592.049809 0.099
6639.818520 0.125
6687.933382 0.151
6736.396904 0.179
6785.211613 0.206
6834.380053 0.234
6883.904789 0.261
6933.788400 0.288
6984.033489 0.315
7034.642675 0.341
7085.618596 0.366
7136.963909 0.390
7188.681291 0.412
7240.773439 0.434
7293.243069 0.454
7346.092914 0.473
7399.325732 0.490
7452.944296 0.505
7506.951403 0.518
7561.349867 0.528
7616.142525 0.535
7671.332234 0.538
7726.921869 0.536
7782.914330 0.530
7839.312536 0.516
7896.119426 0.496
7953.337962 0.469
8010.971128 0.433
8069.021927 0.389
8127.493386 0.336
8186.388553 0.276
8245.710500 0.209
8305.462317 0.135
8365.647121 0.056
8426.268048 -0.028
8487.328260 -0.117
8548.830939 -0.209
8610.779292 -0.304
8673.176549 -0.402
8736.025961 -0.503
8799.330806 -0.606
8863.094385 -0.711
8927.320020 -0.819
8992.011061 -0.928
9057.170880 -1.039
9122.802874 -1.152
9188.910464 -1.266
9255.497097 -1.383
9322.566244 -1.500
9390.121402 -1.619
9458.166093 -1.739
9526.703863 -1.860
9595.738287 -1.981
9665.272962 -2.103
9735.311514 -2.225
9805.857594 -2.346
9876.914881 -2.467
9948.487077 -2.587
10020.577916 -2.706
10093.191154 -2.823
10166.330578 -2.939
10240.000000 -3.054
10314.203261 -3.168
10388.944230 -3.281
10464.226802 -3.393
10540.054903 -3.504
10616.432486 -3.615
10693.363532 -3.726
10770.852052 -3.836
10848.902086 -3.946
10927.517703 -4.055
11006.703001 -4.163
11086.462108 -4.272
11166.799182 -4.379
11247.718413 -4.486
11329.224017 -4.593
11411.320244 -4.699
11494.011375 -4.803
11577.301719 -4.908
11661.195620 -5.011
11745.697450 -5.114
11830.811616 -5.215
11916.542554 -5.316
12002.894734 -5.415
12089.872657 -5.512
12177.480858 -5.608
12265.723904 -5.701
12354.606395 -5.792
12444.132966 -5.880
12534.308283 -5.965
12625.137048 -6.047
12716.623996 -6.127
12808.773895 -6.204
12901.591551 -6.278
12995.081802 -6.351
13089.249521 -6.423
13184.099619 -6.493
13279.637040 -6.562
13375.866764 -6.630
13472.793808 -6.698
13570.423226 -6.765
13668.760107 -6.831
13767.809577 -6.897
13867.576801 -6.961
13968.066979 -7.026
14069.285350 -7.089
14171.237191 -7.152
14273.927818 -7.215
14377.362583 -7.277
14481.546879 -7.338
14586.486137 -7.399
14692.185828 -7.459
14798.651463 -7.519
14905.888592 -7.578
15013.902806 -7.636
15122.699734 -7.694
15232.285051 -7.752
15342.664467 -7.810
15453.843739 -7.869
15565.828661 -7.931
15678.625072 -7.997
15792.238852 -8.068
15906.675925 -8.148
16021.942256 -8.237
16138.043854 -8.335
16254.986772 -8.444
16372.777107 -8.561
16491.420999 -8.686
16610.924634 -8.816
16731.294241 -8.952
16852.536096 -9.091
16974.656520 -9.232
17097.661878 -9.376
17221.558584 -9.522
17346.353097 -9.670
17472.051922 -9.819
17598.661613 -9.970
17726.188769 -10.122
17854.640040 -10.276
17984.022122 -10.432
18114.341760 -10.589
18245.605748 -10.747
18377.820928 -10.907
18510.994194 -11.069
18645.132489 -11.232
18780.242805 -11.397
18916.332186 -11.563
19053.407727 -11.729
19191.476573 -11.894
19330.545924 -12.055
19470.623028 -12.209
19611.715189 -12.351
19753.829761 -12.477
19896.974155 -12.592
20041.155832 -12.690
20186.382308 -12.763
